
Rank: 10
Coefficients b_k:[-1.48421336e-02  3.13644218e-02 -5.02468469e-02  7.04083096e-02
 -8.86762544e-02  9.99911873e-02 -9.81410502e-02  7.69093668e-02
 -3.14296729e-02 -4.05151373e-02  1.37515204e-01 -2.54098988e-01
  3.80973557e-01 -5.05954684e-01  6.15476954e-01 -6.96464533e-01
  1.69720732e+01 -7.34356221e-01  6.83453192e-01 -5.89949095e-01
  4.63460207e-01 -3.17606634e-01  1.68177806e-01 -3.09660071e-02
 -8.03966372e-02  1.56261747e-01 -1.92168101e-01  1.89245735e-01
 -1.53772208e-01  9.59698968e-02]
Approximation deviation: [0.09206497 0.29988385 0.03573064 0.04720334 0.04110386 0.04564947
 0.03152202 0.04503491 0.05909434 0.0452593  0.30784078 0.03541533
 0.05040172 0.04702894 0.04707644 1.         0.04707644 0.04702894
 0.05040172 0.03541533 0.30784078 0.0452593  0.05909434 0.04503491
 0.03152202 0.04564947 0.04110386 0.04720334 0.03573064 0.29988385]